0   9560 9560
1   9563 9563
2   9564 9564
3   9564 9564
4   9564 9564
5   9564 9564
6   9564 9564
7   9565 9565
8   9565 9565
9   9588 9588
10  9585 9585
11  9586 9586
12  9588 9588
13  9588 9588
14  9588 9588
15  9588 9588
16  9588 9588
17  9586 9586
18  9552 9552
19  9548 9548
20  9552 9552
21  9552 9552
22  9553 9553
23  9560 9560

0      0
1      1
2      2
3      3
4      4
5      5
6      6
7      7
8      8
9      9
10    10
11    11
12    12
13    13
14    14
15    15
16    16
17    17
18    18
19    19
20    20
21    21
22    22
23    23